198 205
196 203
194 201
192 199
190 197
188 195
186 193
184 191
182 189
180 187
178 185
176 183
174 181
172 179
170 177
168 175
166 173
164 171
162 169
160 167
158 165
156 163
154 161
152 159
150 157
148 155
146 153
144 151
142 149
140 147
138 145
136 143
134 141
132 139
130 137
128 135
126 133
124 131
122 129
120 127
118 125
116 123
114 121
112 119
110 117
108 115
106 113
104 111
102 109
100 107
98 105
96 103
94 101
92 99
90 97
88 95
86 93
84 91
82 89
80 87
78 85
78 83
78 81
78 79
78 77
78 75
78 73
78 71
78 69
78 67
78 65
78 63
78 61
78 59
78 57
78 55
78 53
78 51
78 49
78 47
78 45
78 43
78 41
78 39
78 37
78 35
78 33
78 31
78 29
78 27
78 25
78 23
78 21
78 19
78 17
